ID	GeneID	geneSymbol	chr	strand	longExonStart_0base	longExonEnd	shortES	shortEE	flankingES	flankingEE	ID	IJC_SAMPLE_1	SJC_SAMPLE_1	IJC_SAMPLE_2	SJC_SAMPLE_2	IncFormLen	SkipFormLen	PValue	FDR	IncLevel1	IncLevel2	IncLevelDifference
0	"ENSG00000266173"	"STRADA"	chr17	-	63704340	63704582	63704431	63704582	63702839	63703751	0	0,0,1	0,0,0	1,3,1	0,4,0	90	-1	1	1.0
1	"ENSG00000266173"	"STRADA"	chr17	-	63704340	63704582	63704431	63704582	63704004	63704047	1	21,22,29	3,1,2	47,93,114	12,20,15	90	-1	nan	1.0
3	"ENSG00000266173"	"STRADA"	chr17	-	63728333	63728413	63728357	63728413	63714005	63714108	3	9,12,13	0,0,3	25,136,298	20,42,75	23	-1	nan	1.0
4	"ENSG00000266173"	"STRADA"	chr17	-	63728333	63728413	63728357	63728413	63726637	63726695	4	11,10,15	0,1,0	35,153,415	10,15,94	23	-1	nan	1.0
5	"ENSG00000266173"	"STRADA"	chr17	-	63741453	63741796	63741740	63741796	63728333	63728413	5	0,0,0	12,20,16	0,0,1	52,173,563	286	-1	1	1.0
10	"ENSG00000108788"	"MLX"	chr17	+	42567071	42567328	42567071	42567166	42567618	42567655	10	1,1,0	38,43,43	3,22,18	91,298,631	161	-1	1	1.0
13	"ENSG00000167699"	"GLOD4"	chr17	-	778621	778744	778694	778744	776867	776988	13	2,2,1	29,18,21	4,11,41	131,896,1246	72	-1	nan	1.0
14	"ENSG00000132530"	"XAF1"	chr17	+	6758088	6758263	6758088	6758224	6759661	6759718	14	0,0,0	2,1,3	0,8,2	3,28,104	38	-1	nan	1.0
15	"ENSG00000108654"	"DDX5"	chr17	-	64500548	64502069	64502009	64502069	64499615	64500326	15	1129,957,803	1,0,2	1523,4571,2573	5,39,6	1460	-1	nan	1.0
